transactions as itemMatrix in sparse format with
 18273 rows (elements/itemsets/transactions) and
 3765 columns (items) and a density of 0.007492866 

most frequent items:
WHITE HANGING HEART T-LIGHT HOLDER            JUMBO BAG RED RETROSPOT 
                              2246                               2073 
          REGENCY CAKESTAND 3 TIER                      PARTY BUNTING 
                              1965                               1670 
           LUNCH BAG RED RETROSPOT                            (Other) 
                              1564                             505975 

element (itemset/transaction) length distribution:
sizes
   2    3    4    5    6    7    8    9   10   11   12   13   14   15   16   17 
 815  691  679  670  618  608  602  627  549  542  501  503  519  558  540  461 
  18   19   20   21   22   23   24   25   26   27   28   29   30   31   32   33 
 459  479  431  401  338  350  295  250  256  242  254  267  225  189  181  169 
  34   35   36   37   38   39   40   41   42   43   44   45   46   47   48   49 
 171  149  114  138  123  131  123  124   99  100  111   86   96   92   86   89 
  50   51   52   53   54   55   56   57   58   59   60   61   62   63   64   65 
  78   57   72   74   71   67   55   63   47   43   57   35   29   47   38   39 
  66   67   68   69   70   71   72   73   74   75   76   77   78   79   80   81 
  37   40   42   25   31   37   24   25   35   24   22   19   26   15   14   17 
  82   83   84   85   86   87   88   89   90   91   92   93   94   95   96   97 
  22   15   26   13   17   13   16    9   12    9   19   11    8    5   11   10 
  98   99  100  101  102  103  104  105  106  107  108  109  110  111  112  113 
  11    6   10   11    1    8    7    2    5    6    6    2    6    5    4    4 
 114  115  116  117  118  119  120  121  122  123  124  125  126  127  128  129 
   6    8    8    4    7    6    7    8    7    4    4    5    5    5    3    2 
 130  131  132  133  134  135  136  137  138  139  140  141  142  143  144  145 
   2    6    2    4    3    2    6    7    3    4    3    5    3    4    3    4 
 146  147  148  149  150  151  152  153  154  155  156  157  158  159  160  161 
   4    1    7    4    4    4    4    4    3    2    2    5    1    2    3    3 
 162  163  164  165  166  167  168  169  170  171  172  173  174  175  176  177 
   2    3    5    4    1    5    2    4    2    3    4    3    1    5    6    3 
 178  179  180  181  182  183  184  185  186  187  188  189  190  191  192  193 
   2    4    4    5    4    4    2    4    2    2    4    4    2    2    2    4 
 194  195  196  197  198  201  202  203  204  205  206  207  208  210  211  212 
   3    4    2    2    3    1    6    4    3    1    1    3    1    5    1    1 
 213  214  215  216  217  218  219  220  222  223  224  225  227  228  229  231 
   2    1    2    4    2    1    3    1    1    3    3    1    2    2    1    1 
 232  233  234  236  237  238  239  240  241  242  243  246  247  248  249  252 
   1    1    1    3    3    1    1    1    1    2    2    2    1    1    3    1 
 253  254  256  259  260  261  262  263  265  266  269  270  272  277  278  279 
   2    2    2    1    2    1    2    2    1    1    1    1    1    1    1    2 
 281  282  284  285  287  290  291  294  295  297  298  300  308  309  314  318 
   2    1    2    1    3    1    1    1    1    2    1    1    1    1    1    1 
 319  330  331  332  333  338  340  343  346  347  348  351  353  356  357  362 
   1    1    4    1    1    1    1    2    2    1    1    2    1    1    1    1 
 368  374  375  378  381  385  398  403  407  410  413  414  415  418  419  427 
   1    1    1    1    1    2    2    2    1    1    1    1    2    1    1    1 
 432  433  437  438  442  448  452  454  457  459  462  470  481  485  486  487 
   1    2    1    2    1    1    1    1    1    1    1    1    1    1    1    1 
 493  498  502  504  513  514  516  517  519  521  523  524  526  528  530  535 
   1    1    2    1    1    1    1    1    1    1    1    2    1    1    1    1 
 538  540  542  551  560  566  571  577  584  587  588  592  594  598  600  606 
   1    1    1    1    1    1    1    1    2    1    1    1    1    1    1    1 
 621  628  634  644  646  648  660  672  674  686  701  719  730  747 1106 
   1    1    1    1    1    1    1    1    1    1    1    1    1    1    1 

   Min. 1st Qu.  Median    Mean 3rd Qu.    Max. 
   2.00    8.00   17.00   28.21   30.00 1106.00 

includes extended item information - examples:
                   labels
1   *BOOMBOX IPOD CLASSIC
2 *USB OFFICE MIRROR BALL
3  10 COLOUR SPACEBOY PEN

includes extended transaction information - examples:
  transactionID
1        536365
2        536366
3        536367
